CHR	SNP	cM	POS	A1	A2	N	AF	SCORE	VAR	PVAL
1	rs6424669	0	79963454	G	C	1189	0.941968	20.8964	28.556	9.21359e-05
3	rs9855470	0	52468315	A	G	1222	0.942308	-21.0655	29.2886	9.92374e-05
3	rs6784615	0	52481466	C	T	1205	0.912448	-28.2167	39.0105	6.2521e-06
3	rs6445486	0	52481531	A	G	1208	0.93957	-22.2443	29.2184	3.86854e-05
4	rs4491988	0	94191325	T	C	1222	0.634206	48.2215	132.562	2.81127e-05
4	rs4693305	0	94248512	C	T	1229	0.624491	46.2012	125.65	3.76169e-05
4	rs17048904	0	118081968	A	C	1178	0.974533	14.0676	12.6993	7.89469e-05
5	rs10477463	0	110554209	T	C	1196	0.913462	24.7717	39.5764	8.22824e-05
6	rs13213247	0	81572755	C	A	1212	0.939356	22.6255	30.2491	3.89236e-05
7	rs17167995	0	14245319	T	C	1203	0.931837	24.5169	33.3763	2.19836e-05
7	rs17330779	0	107670935	A	C	1198	0.907763	27.618	40.4007	1.39226e-05
8	rs4313171	0	47534249	A	G	1208	0.932947	25.037	32.5609	1.14576e-05
9	rs4394475	0	90499677	C	T	1237	0.978981	13.448	11.1995	5.85865e-05
9	rs10982322	0	116399536	G	A	1236	0.896036	28.3367	51.2862	7.59471e-05
10	rs10824310	0	53698470	T	C	1220	0.934836	25.2255	32.0177	8.27071e-06
11	rs864461	0	34688270	T	G	1217	0.987675	10.1288	6.5931	7.9909e-05
11	rs11033712	0	36591365	A	G	1187	0.890059	33.3292	48.447	1.68112e-06
11	rs7115850	0	77722719	C	G	1212	0.826733	34.9219	78.8837	8.42732e-05
12	rs11174339	0	60812599	A	T	1183	0.797126	36.0878	81.2737	6.2546e-05
12	rs12311646	0	71117444	A	G	1214	0.906919	26.9612	44.5654	5.37524e-05
12	rs1389056	0	88468037	T	C	1217	0.969597	15.8952	15.5786	5.64456e-05
12	rs249153	0	93848520	C	T	1209	0.811828	-37.6255	83.3537	3.76958e-05
13	rs17505622	0	101772616	A	G	1216	0.946957	21.8222	28.1017	3.84617e-05
13	rs7335085	0	103079107	A	G	1190	0.938235	22.2555	29.6791	4.40402e-05
16	rs12162084	0	26556972	A	G	1235	0.840891	37.0018	70.4276	1.03792e-05
16	rs2540726	0	54038612	G	A	1223	0.87776	31.4381	60.6153	5.39129e-05
19	rs41377151	0	50114786	G	A	1237	0.691997	-126.932	124.717	6.17542e-30
20	rs17124810	0	31647667	G	C	1210	0.985537	11.1265	7.62934	5.61941e-05
