 CHR         SNP         BP   A1       TEST    NMISS       BETA       SE      L95      U95         STAT            P 
   1  rs10518446   77513424    C        ADD     1236    -0.4256   0.1089   -0.639  -0.2122        -3.91    9.244e-05
   2   rs7574787  113553887    T        ADD     1208       0.43   0.1105   0.2135   0.6465        3.892    9.942e-05
   3   rs9855470   52468315    A        ADD     1222     0.8473   0.2111   0.4336    1.261        4.014    5.972e-05
   3   rs6784615   52481466    C        ADD     1205     0.8343   0.1763   0.4888     1.18        4.732     2.22e-06
   3   rs6445486   52481531    A        ADD     1208     0.8905   0.2104    0.478    1.303        4.231    2.322e-05
   3   rs4687619   52493826    T        ADD     1236     0.8368   0.2115   0.4223    1.251        3.957    7.594e-05
   4   rs2124622   94053969    T        ADD     1179    -0.3695  0.08901   -0.544  -0.1951       -4.151    3.305e-05
   4  rs11097354   94153589    C        ADD     1231    -0.3362  0.08457  -0.5019  -0.1704       -3.975    7.041e-05
   4   rs4491988   94191325    T        ADD     1222    -0.3646  0.08551  -0.5322   -0.197       -4.264    2.008e-05
   4   rs4693305   94248512    C        ADD     1229    -0.3824  0.08797  -0.5548    -0.21       -4.347     1.38e-05
   4   rs6844422   94286276    A        ADD     1235    -0.3293  0.08439  -0.4947  -0.1639       -3.902    9.548e-05
   7  rs17167995   14245319    T        ADD     1203    -0.6707   0.1674  -0.9988  -0.3426       -4.006    6.167e-05
   7    rs342293  106159455    G        ADD     1229     0.3515  0.08918   0.1767   0.5262        3.941    8.119e-05
   7  rs17330779  107670935    A        ADD     1198    -0.7054   0.1517   -1.003  -0.4082       -4.651    3.304e-06
   7  rs10248657  112773255    C        ADD     1218     0.4282   0.1083    0.216   0.6405        3.954    7.681e-05
   8   rs4313171   47534249    A        ADD     1208    -0.7001     0.17   -1.033   -0.367       -4.119    3.808e-05
   9   rs3793499    2121990    G        ADD     1231    -0.4717   0.1205  -0.7078  -0.2355       -3.915    9.054e-05
   9   rs4394475   90499677    C        ADD     1237     -1.186   0.3008   -1.775  -0.5962       -3.942    8.077e-05
   9  rs10982322  116399536    G        ADD     1236    -0.5476   0.1347  -0.8115  -0.2837       -4.067    4.771e-05
  10  rs10824310   53698470    T        ADD     1220    -0.7269   0.1704   -1.061  -0.3929       -4.265    1.997e-05
  11    rs864461   34688270    T        ADD     1217     -1.671     0.42   -2.494  -0.8478       -3.978    6.941e-05
  11  rs11033712   36591365    A        ADD     1187    -0.6041   0.1405  -0.8795  -0.3286       -4.298     1.72e-05
  12  rs11174339   60812599    A        ADD     1183    -0.4299   0.1079  -0.6414  -0.2184       -3.984    6.787e-05
  12    rs249153   93848520    C        ADD     1209     0.4669   0.1141   0.2432   0.6906         4.09    4.307e-05
  13  rs17505622  101772616    A        ADD     1216    -0.7288   0.1844    -1.09  -0.3674       -3.952    7.738e-05
  13   rs7335085  103079107    A        ADD     1190    -0.7036   0.1765    -1.05  -0.3576       -3.986    6.712e-05
  16  rs12162084   26556972    A        ADD     1235    -0.5257   0.1158  -0.7526  -0.2987        -4.54    5.627e-06
  16   rs2540726   54038612    G        ADD     1223     -0.493   0.1241  -0.7362  -0.2498       -3.973    7.091e-05
  18  rs16962918   28095530    T        ADD     1198    -0.9386   0.2289   -1.387  -0.4899         -4.1    4.129e-05
  19  rs41377151   50114786    G        ADD     1237      1.174   0.1069   0.9643    1.384        10.98    4.869e-28
  20  rs17124810   31647667    G        ADD     1210     -1.582   0.3827   -2.332  -0.8314       -4.133    3.588e-05
  20   rs3850528   34166072    G        ADD     1191    -0.4259   0.1056  -0.6328  -0.2189       -4.033    5.496e-05
  20  rs11700361   34285729    T        ADD     1200    -0.4123   0.1036  -0.6155  -0.2092       -3.978    6.939e-05
